245.43	1.48085	1.61187347
247.32	1.48317	1.62961633
249.21	1.48545	1.65100400
251.10	1.48772	1.67444000
252.99	1.48999	1.69787600
254.88	1.49497	1.71573585
256.77	1.49996	1.73356604
258.66	1.50675	1.75035636
260.55	1.52118	1.76272727
262.44	1.53561	1.77509818
264.33	1.55084	1.78753333
266.22	1.56808	1.80013333
268.11	1.58532	1.81273333
270.00	1.60217	1.82450000
271.89	1.61792	1.83395000
273.78	1.63367	1.84340000
275.67	1.64913	1.85280952
277.56	1.66173	1.86180952
279.45	1.67433	1.87080952
281.34	1.68693	1.87980952
283.23	1.70144	1.88596000
285.12	1.71656	1.89119385
287.01	1.73168	1.89642769
288.90	1.74496	1.90156522
290.79	1.75427	1.90649565
292.68	1.76358	1.91142609
294.57	1.77290	1.91635652
296.46	1.78230	1.91835000
298.35	1.79175	1.91887500
300.24	1.80120	1.91940000
302.13	1.81065	1.91992500
304.02	1.81584	1.91914737
305.91	1.82031	1.91815263
307.80	1.82479	1.91715789
309.69	1.82927	1.91616316
311.58	1.83200	1.91360000
313.47	1.83439	1.91072911
315.36	1.83678	1.90785823
317.25	1.83918	1.90498734
319.14	1.83764	1.90016190
321.03	1.83404	1.89431190
322.92	1.83044	1.88846190
324.81	1.82684	1.88261190
326.70	1.82282	1.87718182
328.59	1.81723	1.87331591
330.48	1.81165	1.86945000
332.37	1.80607	1.86558409
334.26	1.80048	1.86171818
336.15	1.79439	1.85841935
338.04	1.78788	1.85557419
339.93	1.78138	1.85272903
341.82	1.77488	1.84988387
343.71	1.76837	1.84703871
345.60	1.76282	1.84624490
347.49	1.75780	1.84663061
349.38	1.75279	1.84701633
351.27	1.74777	1.84740204
353.16	1.74276	1.84778776
355.05	1.73806	1.84913333
356.94	1.73374	1.85165333
358.83	1.72942	1.85417333
360.72	1.72510	1.85669333
362.61	1.72078	1.85921333
364.50	1.71646	1.86173333
366.39	1.71293	1.86876000
368.28	1.70949	1.87632000
370.17	1.70605	1.88388000
372.06	1.70262	1.89144000
373.95	1.69918	1.89900000
375.84	1.69574	1.90635593
377.73	1.69222	1.91116102
379.62	1.68869	1.91596610
381.51	1.68517	1.92077119
383.40	1.68164	1.92557627
385.29	1.67812	1.93038136
387.18	1.67460	1.93518644
389.07	1.67199	1.93851200
390.96	1.66957	1.94153600
392.85	1.66715	1.94456000
394.74	1.66473	1.94758400
396.63	1.66231	1.95060800
398.52	1.65989	1.95363200
400.41	1.65732	1.95606165
402.30	1.65420	1.95634586
404.19	1.65107	1.95663008
406.08	1.64794	1.95691429
407.97	1.64482	1.95719850
409.86	1.64169	1.95748271
411.75	1.63856	1.95776692
413.64	1.63552	1.95756901
415.53	1.63286	1.95517324
417.42	1.63020	1.95277746
419.31	1.62754	1.95038169
421.20	1.62487	1.94798592
423.09	1.62221	1.94559014
424.98	1.61955	1.94319437
426.87	1.61689	1.94079859
428.76	1.61155	1.93703529
430.65	1.60488	1.93258824
432.54	1.59821	1.92814118
434.43	1.59154	1.92369412
436.32	1.58487	1.91924706
438.21	1.57820	1.91480000
440.10	1.57153	1.91035294
441.99	1.56486	1.90590588
443.88	1.55304	1.90018049
445.77	1.53737	1.89349634
447.66	1.52170	1.88681220
449.55	1.50602	1.88012805
451.44	1.49035	1.87344390
453.33	1.47468	1.86675976
455.22	1.45900	1.86007561
457.11	1.44333	1.85339146
459.00	1.42766	1.84670732
460.89	1.40843	1.84122599
462.78	1.38878	1.83588701
464.67	1.36914	1.83054802
466.56	1.34949	1.82520904
468.45	1.32984	1.81987006
470.34	1.31019	1.81453107
472.23	1.29055	1.80919209
474.12	1.27090	1.80385311
476.01	1.25125	1.79851412
477.90	1.22484	1.79831579
479.79	1.19241	1.80269263
481.68	1.15999	1.80706947
483.57	1.12756	1.81144632
485.46	1.09513	1.81582316
487.35	1.06270	1.82020000
489.24	1.03027	1.82457684
491.13	0.99784	1.82895368
493.02	0.96541	1.83333053
494.91	0.93299	1.83770737
496.80	0.90261	1.85217391
498.69	0.87449	1.87773913
500.58	0.84637	1.90330435
502.47	0.81824	1.92886957
504.36	0.79012	1.95443478
506.25	0.76200	1.98000000
508.14	0.73388	2.00556522
510.03	0.70576	2.03113043
511.92	0.67763	2.05669565
513.81	0.64951	2.08226087
515.70	0.62139	2.10782609
517.59	0.59894	2.13848000
519.48	0.58163	2.17376000
521.37	0.56433	2.20904000
523.26	0.54702	2.24432000
525.15	0.52972	2.27960000
527.04	0.51242	2.31488000
528.93	0.49511	2.35016000
530.82	0.47781	2.38544000
532.71	0.46050	2.42072000
534.60	0.44320	2.45600000
536.49	0.42590	2.49128000
538.38	0.40859	2.52656000
540.27	0.39742	2.55623673
542.16	0.39001	2.58246531
544.05	0.38260	2.60869388
545.94	0.37520	2.63492245
547.83	0.36779	2.66115102
549.72	0.36039	2.68737959
551.61	0.35298	2.71360816
553.50	0.34558	2.73983673
555.39	0.33817	2.76606531
557.28	0.33076	2.79229388
559.17	0.32336	2.81852245
561.06	0.31595	2.84475102
562.95	0.30855	2.87097959
564.84	0.30405	2.88376180
566.73	0.30108	2.88949551
568.62	0.29810	2.89522921
570.51	0.29513	2.90096292
572.40	0.29216	2.90669663
574.29	0.28918	2.91243034
576.18	0.28621	2.91816404
578.07	0.28324	2.92389775
579.96	0.28027	2.92963146
581.85	0.27729	2.93536517
583.74	0.27432	2.94109888
585.63	0.27135	2.94683258
587.52	0.26837	2.95256629
589.41	0.26540	2.95830000
591.30	0.26243	2.96403371
593.19	0.25945	2.96976742
595.08	0.25648	2.97550112
596.97	0.25351	2.98123483
598.86	0.25053	2.98696854
600.75	0.24756	2.99270225
602.64	0.24459	2.99843596
604.53	0.24162	3.00416966
606.42	0.23864	3.00990337
608.31	0.23567	3.01563708
610.20	0.23270	3.02137079
612.09	0.22972	3.02710449
613.98	0.22675	3.03283820
615.87	0.22378	3.03857191
617.76	0.22080	3.04430562
619.65	0.21783	3.05003933
621.54	0.21486	3.05577303
623.43	0.21189	3.06150674
625.32	0.20891	3.06724045
627.21	0.20594	3.07297416
629.10	0.20297	3.07870787
630.99	0.19999	3.08444157
632.88	0.19702	3.09017528
634.77	0.19405	3.09590899
636.66	0.19107	3.10164270
638.55	0.18810	3.10737640
640.44	0.18513	3.11311011
642.33	0.18216	3.11884382
644.22	0.17918	3.12457753
646.11	0.17621	3.13031124
648.00	0.17324	3.13604494
649.89	0.17026	3.14177865
651.78	0.16729	3.14751236
653.67	0.16582	3.16921271
655.56	0.16551	3.20314917
657.45	0.16520	3.23708564
659.34	0.16488	3.27102210
661.23	0.16457	3.30495856
663.12	0.16426	3.33889503
665.01	0.16394	3.37283149
666.90	0.16363	3.40676796
668.79	0.16332	3.44070442
670.68	0.16300	3.47464088
672.57	0.16269	3.50857735
674.46	0.16238	3.54251381
676.35	0.16206	3.57645028
678.24	0.16175	3.61038674
680.13	0.16144	3.64432320
682.02	0.16112	3.67825967
683.91	0.16081	3.71219613
685.80	0.16050	3.74613260
687.69	0.16018	3.78006906
689.58	0.16008	3.81059259
691.47	0.16026	3.83625926
693.36	0.16045	3.86192593
695.25	0.16064	3.88759259
697.14	0.16082	3.91325926
699.03	0.16101	3.93892593
700.92	0.16120	3.96459259
702.81	0.16138	3.99025926
704.70	0.16157	4.01592593
706.59	0.16176	4.04159259
708.48	0.16194	4.06725926
710.37	0.16213	4.09292593
712.26	0.16232	4.11859259
714.15	0.16250	4.14425926
716.04	0.16269	4.16992593
717.93	0.16288	4.19559259
719.82	0.16306	4.22125926
721.71	0.16325	4.24692593
723.60	0.16344	4.27259259
725.49	0.16362	4.29825926
727.38	0.16381	4.32392593
729.27	0.16400	4.34959259
731.16	0.16441	4.37080263
733.05	0.16482	4.39194079
734.94	0.16524	4.41307895
736.83	0.16565	4.43421711
738.72	0.16607	4.45535526
740.61	0.16648	4.47649342
742.50	0.16689	4.49763158
744.39	0.16731	4.51876974
746.28	0.16772	4.53990789
748.17	0.16814	4.56104605
750.06	0.16855	4.58218421
751.95	0.16897	4.60332237
753.84	0.16938	4.62446053
755.73	0.16980	4.64559868
757.62	0.17021	4.66673684
759.51	0.17062	4.68787500
761.40	0.17104	4.70901316
763.29	0.17145	4.73015132
765.18	0.17187	4.75128947
767.07	0.17228	4.77242763
768.96	0.17270	4.79356579
770.85	0.17311	4.81470395
772.74	0.17353	4.83584211
774.63	0.17394	4.85698026
776.52	0.17444	4.87660735
778.41	0.17495	4.89598259
780.30	0.17546	4.91535783
782.19	0.17597	4.93473308
784.08	0.17649	4.95410832
785.97	0.17700	4.97348356
787.86	0.17751	4.99285880
789.75	0.17802	5.01223404
791.64	0.17853	5.03160928
793.53	0.17904	5.05098453
795.42	0.17956	5.07035977
797.31	0.18007	5.08973501
799.20	0.18058	5.10911025
801.09	0.18109	5.12848549
802.98	0.18160	5.14786074
804.87	0.18212	5.16723598
806.76	0.18263	5.18661122
808.65	0.18314	5.20598646
810.54	0.18365	5.22536170
812.43	0.18416	5.24473694
814.32	0.18467	5.26411219
816.21	0.18519	5.28348743
818.10	0.18570	5.30286267
819.99	0.18621	5.32223791
821.88	0.18672	5.34161315
823.77	0.18723	5.36098839
825.66	0.18775	5.38036364
827.55	0.18835	5.39788983
829.44	0.18906	5.41358644
831.33	0.18976	5.42928305
833.22	0.19047	5.44497966
835.11	0.19117	5.46067627
837.00	0.19188	5.47637288
838.89	0.19258	5.49206949
840.78	0.19329	5.50776610
842.67	0.19399	5.52346271
844.56	0.19470	5.53915932
846.45	0.19540	5.55485593
848.34	0.19611	5.57055254
850.23	0.19681	5.58624915
852.12	0.19752	5.60194576
854.01	0.19822	5.61764237
855.90	0.19893	5.63333898
857.79	0.19963	5.64903559
859.68	0.20033	5.66473220
861.57	0.20104	5.68042881
863.46	0.20174	5.69612542
865.35	0.20245	5.71182203
867.24	0.20315	5.72751864
869.13	0.20386	5.74321525
871.02	0.20456	5.75891186
872.91	0.20527	5.77460847
874.80	0.20597	5.79030508
876.69	0.20668	5.80600169
878.58	0.20738	5.82169831
880.47	0.20809	5.83739492
882.36	0.20879	5.85309153
884.25	0.20950	5.86878814
886.14	0.21021	5.88467841
888.03	0.21093	5.90105286
889.92	0.21165	5.91742731
891.81	0.21237	5.93380176
893.70	0.21309	5.95017621
895.59	0.21381	5.96655066
897.48	0.21454	5.98292511
899.37	0.21526	5.99929956
901.26	0.21598	6.01567401
903.15	0.21670	6.03204846
905.04	0.21742	6.04842291
906.93	0.21814	6.06479736
908.82	0.21887	6.08117181
910.71	0.21959	6.09754626
912.60	0.22031	6.11392070
914.49	0.22103	6.13029515
916.38	0.22175	6.14666960
918.27	0.22247	6.16304405
920.16	0.22319	6.17941850
922.05	0.22392	6.19579295
923.94	0.22464	6.21216740
925.83	0.22536	6.22854185
927.72	0.22608	6.24491630
929.61	0.22680	6.26129075
931.50	0.22752	6.27766520
933.39	0.22825	6.29403965
935.28	0.22897	6.31041410
937.17	0.22969	6.32678855
939.06	0.23041	6.34316300
940.95	0.23113	6.35953744
942.84	0.23185	6.37591189
944.73	0.23258	6.39228634
946.62	0.23330	6.40866079
948.51	0.23402	6.42503524
950.40	0.23474	6.44140969
952.29	0.23546	6.45778414
954.18	0.23622	6.47363178
956.07	0.23708	6.48793190
957.96	0.23793	6.50223203
959.85	0.23879	6.51653216
961.74	0.23965	6.53083228
963.63	0.24051	6.54513241
965.52	0.24137	6.55943253
967.41	0.24222	6.57373266
969.30	0.24308	6.58803279
971.19	0.24394	6.60233291
973.08	0.24480	6.61663304
974.97	0.24566	6.63093317
976.86	0.24651	6.64523329
978.75	0.24737	6.65953342
980.64	0.24823	6.67383354
982.53	0.24909	6.68813367
984.42	0.24995	6.70243380
986.31	0.25080	6.71673392
988.20	0.25166	6.73103405
990.09	0.25252	6.74533417
991.98	0.25338	6.75963430
993.87	0.25424	6.77393443
995.76	0.25509	6.78823455
997.65	0.25595	6.80253468
999.54	0.25681	6.81683480
1001.43	0.25767	6.83113493
1003.32	0.25853	6.84543506
1005.21	0.25938	6.85973518
1007.10	0.26024	6.87403531
1008.99	0.26110	6.88833544
1010.88	0.26196	6.90263556
1012.77	0.26282	6.91693569
1014.66	0.26367	6.93123581
1016.55	0.26453	6.94553594
1018.44	0.26539	6.95983607
1020.33	0.26625	6.97413619
1022.22	0.26711	6.98843632
1024.11	0.26796	7.00273644
1026.00	0.26882	7.01703657
1027.89	0.26968	7.03133670
1029.78	0.27054	7.04563682
1031.67	0.27140	7.05993695
1033.56	0.27224	7.07512340
1035.45	0.27304	7.09241489
1037.34	0.27385	7.10970638
1039.23	0.27465	7.12699787
1041.12	0.27546	7.14428936
1043.01	0.27626	7.16158085
1044.90	0.27706	7.17887234
1046.79	0.27787	7.19616383
1048.68	0.27867	7.21345532
1050.57	0.27948	7.23074681
1052.46	0.28028	7.24803830
1054.35	0.28109	7.26532979
1056.24	0.28189	7.28262128
1058.13	0.28269	7.29991277
1060.02	0.28350	7.31720426
1061.91	0.28430	7.33449574
1063.80	0.28511	7.35178723
1065.69	0.28591	7.36907872
1067.58	0.28671	7.38637021
1069.47	0.28752	7.40366170
1071.36	0.28832	7.42095319
1073.25	0.28913	7.43824468
1075.14	0.28993	7.45553617
1077.03	0.29074	7.47282766
1078.92	0.29154	7.49011915
1080.81	0.29234	7.50741064
1082.70	0.29315	7.52470213
1084.59	0.29395	7.54199362
1086.48	0.29476	7.55928511
1088.37	0.29556	7.57657660
1090.26	0.29637	7.59386809
1092.15	0.29717	7.61115957
1094.04	0.29797	7.62845106
1095.93	0.29878	7.64574255
1097.82	0.29958	7.66303404
1099.71	0.30039	7.68032553
1101.60	0.30119	7.69761702
1103.49	0.30200	7.71490851
1105.38	0.30280	7.73220000
1107.27	0.30360	7.74949149
1109.16	0.30441	7.76678298
1111.05	0.30521	7.78407447
1112.94	0.30602	7.80136596
1114.83	0.30682	7.81865745
1116.72	0.30763	7.83594894
1118.61	0.30843	7.85324043
1120.50	0.30923	7.87053191
1122.39	0.31004	7.88782340
1124.28	0.31084	7.90511489
1126.17	0.31165	7.92240638
1128.06	0.31256	7.93787965
1129.95	0.31357	7.95192920
1131.84	0.31457	7.96597876
1133.73	0.31557	7.98002832
1135.62	0.31658	7.99407788
1137.51	0.31758	8.00812743
1139.40	0.31858	8.02217699
1141.29	0.31959	8.03622655
1143.18	0.32059	8.05027611
1145.07	0.32159	8.06432566
1146.96	0.32260	8.07837522
1148.85	0.32360	8.09242478
1150.74	0.32461	8.10647434
1152.63	0.32561	8.12052389
1154.52	0.32661	8.13457345
1156.41	0.32762	8.14862301
1158.30	0.32862	8.16267257
1160.19	0.32962	8.17672212
1162.08	0.33063	8.19077168
1163.97	0.33163	8.20482124
1165.86	0.33263	8.21887080
1167.75	0.33364	8.23292035
1169.64	0.33464	8.24696991
1171.53	0.33564	8.26101947
1173.42	0.33665	8.27506903
1175.31	0.33765	8.28911858
1177.20	0.33865	8.30316814
1179.09	0.33966	8.31721770
1180.98	0.34066	8.33126726
1182.87	0.34167	8.34531681
1184.76	0.34267	8.35936637
1186.65	0.34367	8.37341593
1188.54	0.34468	8.38746549
1190.43	0.34568	8.40151504
1192.32	0.34668	8.41556460
1194.21	0.34769	8.42961416
1196.10	0.34869	8.44366372
1197.99	0.34969	8.45771327
1199.88	0.35070	8.47176283
1201.77	0.35170	8.48581239
1203.66	0.35270	8.49986195
1205.55	0.35371	8.51391150
1207.44	0.35471	8.52796106
1209.33	0.35572	8.54201062
1211.22	0.35672	8.55606018
1213.11	0.35772	8.57010973
1215.00	0.35873	8.58415929
1216.89	0.35973	8.59820885
1218.78	0.36073	8.61225841
1220.67	0.36174	8.62630796
1222.56	0.36274	8.64035752
1224.45	0.36374	8.65440708
1226.34	0.36475	8.66845664
1228.23	0.36575	8.68250619
1230.12	0.36675	8.69655575
1232.01	0.36776	8.71060531
1233.90	0.36876	8.72465487
1235.79	0.36976	8.73870442
1237.68	0.37077	8.75275398
1239.57	0.37177	8.76680354
1241.46	0.37299	8.73028800
1243.35	0.37428	8.67888000
1245.24	0.37556	8.62747200
1247.13	0.37685	8.57606400
1249.02	0.37813	8.52465600
1250.91	0.37942	8.47324800
1252.80	0.38070	8.42184000
1254.69	0.38199	8.37043200
1256.58	0.38327	8.31902400
1258.47	0.38456	8.26761600
1260.36	0.38584	8.21620800
1262.25	0.38713	8.16480000
1264.14	0.38842	8.11339200
1266.03	0.38955	8.09633846
1267.92	0.39057	8.10796923
1269.81	0.39159	8.11960000
1271.70	0.39261	8.13123077
1273.59	0.39363	8.14286154
1275.48	0.39464	8.15449231
1277.37	0.39566	8.16612308
1279.26	0.39668	8.17775385
1281.15	0.39770	8.18938462
1283.04	0.39871	8.20101538
1284.93	0.39973	8.21264615
1286.82	0.40075	8.22427692
1288.71	0.40177	8.23590769
1290.60	0.40278	8.24753846
1292.49	0.40385	8.25904643
1294.38	0.40493	8.27052143
1296.27	0.40601	8.28199643
1298.16	0.40709	8.29347143
1300.05	0.40817	8.30494643
1301.94	0.40925	8.31642143
1303.83	0.41033	8.32789643
1305.72	0.41141	8.33937143
1307.61	0.41249	8.35084643
1309.50	0.41357	8.36232143
1311.39	0.41465	8.37379643
1313.28	0.41573	8.38527143
1315.17	0.41681	8.39674643
1317.06	0.41789	8.40822143
1318.95	0.41897	8.41969643
1320.84	0.42009	8.43091525
1322.73	0.42121	8.44212712
1324.62	0.42233	8.45333898
1326.51	0.42346	8.46455085
1328.40	0.42458	8.47576271
1330.29	0.42570	8.48697458
1332.18	0.42682	8.49818644
1334.07	0.42794	8.50939831
1335.96	0.42906	8.52061017
1337.85	0.43018	8.53182203
1339.74	0.43130	8.54303390
1341.63	0.43242	8.55424576
1343.52	0.43355	8.56545763
1345.41	0.43467	8.57666949
1347.30	0.43579	8.58788136
1349.19	0.43691	8.59909322
1351.08	0.43803	8.61030508
1352.97	0.43915	8.62151695
1354.86	0.44027	8.63272881
1356.75	0.44139	8.64394068
1358.64	0.44252	8.65515254
1360.53	0.44364	8.66636441
1362.42	0.44476	8.67757627
1364.31	0.44588	8.68878814
1366.20	0.44700	8.70000000
1368.09	0.44812	8.71121186
1369.98	0.44924	8.72242373
1371.87	0.45036	8.73363559
1373.76	0.45148	8.74484746
1375.65	0.45261	8.75605932
1377.54	0.45373	8.76727119
1379.43	0.44971	8.72710000
1381.32	0.44404	8.67040000
1383.21	0.43837	8.61370000
1385.10	0.43763	8.60628000
1386.99	0.44043	8.63425200
1388.88	0.44322	8.66222400
1390.77	0.44602	8.69019600
1392.66	0.44882	8.71816800
1394.55	0.45161	8.74614000
1396.44	0.45441	8.77411200
1398.33	0.45721	8.80208400
1400.22	0.46001	8.83005600
1402.11	0.46280	8.85802800
1404.00	0.46560	8.88600000
1405.89	0.46840	8.91397200
1407.78	0.47119	8.94194400
1409.67	0.47341	8.96385758
1411.56	0.47455	8.97473939
1413.45	0.47570	8.98562121
1415.34	0.47684	8.99650303
1417.23	0.47799	9.00738485
1419.12	0.47913	9.01826667
1421.01	0.48028	9.02914848
1422.90	0.48142	9.04003030
1424.79	0.48257	9.05091212
1426.68	0.48372	9.06179394
1428.57	0.48486	9.07267576
1430.46	0.48601	9.08355758
1432.35	0.48715	9.09443939
1434.24	0.48830	9.10532121
1436.13	0.48944	9.11620303
1438.02	0.49059	9.12708485
1439.91	0.49173	9.13796667
1441.80	0.49288	9.14884848
1443.69	0.49409	9.16043824
1445.58	0.49532	9.17211176
1447.47	0.49654	9.18378529
1449.36	0.49776	9.19545882
1451.25	0.49899	9.20713235
1453.14	0.50021	9.21880588
1455.03	0.50143	9.23047941
1456.92	0.50265	9.24215294
1458.81	0.50388	9.25382647
1460.70	0.50510	9.26550000
1462.59	0.50632	9.27717353
1464.48	0.50755	9.28884706
1466.37	0.50877	9.30052059
1468.26	0.50999	9.31219412
1470.15	0.51121	9.32386765
1472.04	0.51244	9.33554118
1473.93	0.51366	9.34721471
1475.82	0.51488	9.35888824
1477.71	0.51604	9.37045000
1479.60	0.51720	9.38200000
1481.49	0.51835	9.39355000
1483.38	0.51951	9.40510000
1485.27	0.52066	9.41665000
1487.16	0.52182	9.42820000
1489.05	0.52297	9.43975000
1490.94	0.52413	9.45130000
1492.83	0.52528	9.46285000
1494.72	0.52644	9.47440000
1496.61	0.52759	9.48595000
1498.50	0.52875	9.49750000
1500.39	0.52990	9.50905000
1502.28	0.53106	9.52060000
1504.17	0.53221	9.53215000
1506.06	0.53337	9.54370000
1507.95	0.53452	9.55525000
1509.84	0.53568	9.56680000
1511.73	0.53683	9.57835000
1513.62	0.53794	9.58980526
1515.51	0.53903	9.60124474
1517.40	0.54013	9.61268421
1519.29	0.54122	9.62412368
1521.18	0.54231	9.63556316
1523.07	0.54341	9.64700263
1524.96	0.54450	9.65844211
1526.85	0.54560	9.66988158
1528.74	0.54669	9.68132105
1530.63	0.54779	9.69276053
1532.52	0.54888	9.70420000
1534.41	0.54997	9.71563947
1536.30	0.55107	9.72707895
1538.19	0.55216	9.73851842
1540.08	0.55326	9.74995789
1541.97	0.55435	9.76139737
1543.86	0.55545	9.77283684
1545.75	0.55654	9.78427632
1547.64	0.55763	9.79571579
1549.53	0.55873	9.80715526
1551.42	0.55985	9.82029500
1553.31	0.56099	9.83399750
1555.20	0.56212	9.84770000
1557.09	0.56325	9.86140250
1558.98	0.56439	9.87510500
1560.87	0.56552	9.88880750
1562.76	0.56666	9.90251000
1564.65	0.56779	9.91621250
1566.54	0.56892	9.92991500
1568.43	0.57006	9.94361750
1570.32	0.57119	9.95732000
1572.21	0.57233	9.97102250
1574.10	0.57346	9.98472500
1575.99	0.57459	9.99842750
1577.88	0.57573	10.01213000
1579.77	0.57686	10.02583250
1581.66	0.57800	10.03953500
1583.55	0.57913	10.05323750
1585.44	0.58026	10.06694000
1587.33	0.58140	10.08064250
1589.22	0.58253	10.09434500
1591.11	0.58370	10.10541463
1593.00	0.58490	10.11463415
1594.89	0.58610	10.12385366
1596.78	0.58730	10.13307317
1598.67	0.58850	10.14229268
1600.56	0.58970	10.15151220
1602.45	0.59090	10.16073171
1604.34	0.59209	10.16995122
1606.23	0.59329	10.17917073
1608.12	0.59449	10.18839024
1610.01	0.59569	10.19760976
1611.90	0.59689	10.20682927
1613.79	0.59809	10.21604878
1615.68	0.59928	10.22526829
1617.57	0.60048	10.23448780
1619.46	0.60168	10.24370732
1621.35	0.60288	10.25292683
1623.24	0.60408	10.26214634
1625.13	0.60528	10.27136585
1627.02	0.60648	10.28058537
1628.91	0.60767	10.28980488
1630.80	0.60887	10.29902439
1632.69	0.61004	10.31152273
1634.58	0.61120	10.32440909
1636.47	0.61236	10.33729545
1638.36	0.61352	10.35018182
1640.25	0.61468	10.36306818
1642.14	0.61584	10.37595455
1644.03	0.61700	10.38884091
1645.92	0.61816	10.40172727
